4
ColorMap 7
0 0 0
4691.8 4691.8 4691.8
0 0.7924528 0.7632735 0.1607334
1 0.3221467 0.7169812 0.1657174
2 0.1934407 0.5943396 0.5218615
3 1 0 0
4 0 0 0
Conditional 7
0 0 0
4691.8 4691.8 4691.8
calcified_fraction > 0.0004
Displacer 3
485 -341 -359
940.4 702.85 841.0615
1000 0 0
Conditional 9
0 0 0
4691.8 4691.8 4691.8
calcified_fraction > 0.0004
Stratifier 5
-113 0 0
1892.926 1747.376 1730.495
0 -500 0
0 1 0
20 100
Conditional 9
0 0 0
4691.8 4691.8 4691.8
calcified_fraction > 0.0004
Stratifier 5
-113 0 0
1892.926 1747.376 1730.495
-500 0 0
1 0 0
20 100

